Pruebas con descenso de colinas con 10 reinicios aleatorios
4 0.0009063720703125
5 0.001300954818725586
6 0.002502632141113281
7 0.003803396224975586
8 0.006609344482421875
9 0.009406280517578126
10 0.013012456893920898
11 0.016787910461425783
12 0.023823118209838866
13 0.03183169364929199
14 0.04054484367370605
15 0.053808736801147464
16 0.06747522354125976
17 0.08770270347595215
18 0.10991201400756836
19 0.12375192642211914
20 0.1600656032562256
21 0.17272396087646485
22 0.20823678970336915
23 0.23785901069641113
24 0.29216756820678713
25 0.335024356842041
26 0.3894959449768066
27 0.43922080993652346
28 0.5370183944702148
29 0.595298957824707
30 0.6690158367156982
31 0.7504432678222657
32 0.8149744987487793
33 0.9499002456665039
34 1.1238741397857666
35 1.2845870494842528
36 1.3463635444641113
37 1.5114946365356445
38 1.6828919410705567
39 1.9511452674865724
40 2.115759086608887
41 2.233982467651367
42 2.4189648151397707
43 2.6188588619232176
44 2.98467755317688
45 3.2437658309936523
46 3.578122091293335
47 3.8460477352142335
48 4.017785167694091
49 4.311214399337769
50 4.736447143554687
51 5.226872491836548
52 5.550051355361939
53 6.015604305267334
54 6.409495496749878
55 6.602655267715454
56 7.5985406875610355
57 7.817997026443481
58 8.458269023895264
59 8.97408332824707
60 9.72629623413086
61 10.413318204879761
62 10.677325868606568
63 11.028014516830444
64 11.716912221908569
65 12.753145933151245
66 13.255102300643921
67 14.501236200332642
68 16.294827938079834
69 17.89759225845337
70 18.334397792816162
71 18.877483797073364
72 19.277620935440062
73 19.819012498855592
74 21.25073003768921
75 22.32835736274719
76 23.179432535171507
77 24.865762948989868
78 26.146868991851807
79 26.55352692604065
80 28.98128843307495
81 29.73602948188782
82 31.7020254611969
83 32.87466721534729
84 34.7253191947937
85 35.79798221588135
86 38.100716543197635
87 40.29809679985046
88 41.39629364013672
89 43.48830900192261
90 44.56629786491394
91 48.8857503414154
92 51.82505226135254
93 52.82470936775208
94 55.86829867362976
95 58.58670392036438
96 58.876398420333864
97 60.696626853942874
98 62.965882778167725
99 67.32824020385742
100 66.74248995780945
101 70.88812236785888
102 73.16158633232116
103 78.0778377532959
104 79.31521906852723
105 81.77228808403015
106 83.75676712989807
107 88.5367332458496
108 91.01596403121948
109 98.97920017242431
110 104.99841523170471
111 110.28695526123047
112 110.36209406852723
113 110.84361681938171
114 113.65575227737426
115 119.560306930542
116 121.86721720695496
