Pruebas con temple simulado con calendarización To/(1 + i)."
4 0.1537611484527588
5 0.17419309616088868
6 0.1803952693939209
7 0.24930596351623535
8 0.2835019588470459
9 0.2707204818725586
10 0.2585468769073486
11 0.3833570957183838
12 0.4030855655670166
13 0.40592398643493655
14 0.450944185256958
15 0.47832479476928713
16 0.5232257843017578
17 0.5571582317352295
18 0.6357378005981446
19 0.6245337009429932
20 0.6965503692626953
21 0.7071089267730712
22 0.7949258327484131
23 0.9043834209442139
24 0.7829621791839599
25 0.9037027359008789
26 0.9137383937835694
27 1.0549424171447754
28 1.0646061420440673
29 1.1030349731445312
30 1.153484010696411
31 1.1216576099395752
32 1.1719363689422608
33 1.2432674884796142
34 1.342014217376709
35 1.4823875427246094
36 1.3753259658813477
37 1.6117238521575927
38 1.7173832416534425
39 1.6486438274383546
40 1.6090807437896728
41 1.6869667530059815
42 1.8113181114196777
43 1.903170394897461
44 1.9510091304779054
45 1.9694806575775146
46 1.9657623291015625
47 2.150860404968262
48 2.2130244255065916
49 2.26307897567749
50 2.244127702713013
51 2.338574171066284
52 2.3422255992889403
53 2.337027978897095
54 2.5150475978851317
55 2.713921308517456
56 2.616424036026001
57 2.6894483089447023
58 2.8115668296813965
59 2.7410539627075194
60 3.028440523147583
61 2.9161627292633057
62 2.9338592052459718
63 3.0393271446228027
64 3.0342557430267334
65 3.2100096702575684
66 3.1733656883239747
67 3.490340805053711
68 3.470751333236694
69 3.633140754699707
70 3.708014392852783
71 3.8026679039001463
72 3.62098069190979
73 3.7956267833709716
74 3.9677883625030517
75 3.8229135513305663
76 4.170663928985595
77 4.21154556274414
78 4.179869842529297
79 4.498399353027343
80 4.183843040466309
81 4.271169376373291
82 4.318848609924316
83 4.570952653884888
84 4.859327507019043
85 4.673284244537354
86 5.043052625656128
87 4.7473430156707765
88 4.796245431900024
89 5.029574966430664
90 5.280939817428589
91 5.2855018138885494
92 5.3579789161682125
93 5.090141677856446
94 4.999098634719848
95 5.5490106582641605
96 5.574369955062866
97 6.0241927146911625
98 5.797875642776489
99 6.0866495132446286
100 6.157388734817505
101 6.169255161285401
102 6.293911790847778
103 6.466947937011719
104 6.25077338218689
105 5.879044008255005
106 6.506388187408447
107 6.424588966369629
108 6.619954299926758
109 6.575745487213135
110 6.985600423812866
111 6.771539545059204
112 6.63515830039978
113 6.9608855724334715
114 7.016776084899902
115 7.345738315582276
116 6.9977668762207035
117 7.57097373008728
118 7.691164541244507
119 7.827534961700439
120 7.764289140701294
121 7.687816190719604
122 7.821673107147217
123 8.193634796142579
124 8.36377673149109
125 8.365323543548584
126 8.823018550872803
127 8.2024667263031
128 8.135621452331543
129 8.152710103988648
130 9.023449468612672
131 9.554495716094971
132 8.956327867507934
133 9.43853759765625
134 9.331635856628418
135 9.433784008026123
136 9.252454376220703
137 9.415850400924683
138 9.508238267898559
139 9.321403312683106
140 9.476009893417359
141 9.639094495773316
142 10.031540012359619
143 10.36862392425537
144 10.23518762588501
145 9.807612895965576
146 10.420106649398804
147 10.217308473587035
148 10.960485982894898
149 10.842997741699218
150 10.674697494506836
151 11.134280920028687
152 11.494913673400879
153 11.107979679107666
154 11.792578077316284
155 11.339009523391724
156 12.287948083877563
157 11.039468574523926
158 11.327599096298218
159 11.952137994766236
160 12.05537724494934
161 12.650381088256836
162 12.723256969451905
163 12.586153030395508
164 12.548962354660034
165 13.492120695114135
166 12.515197849273681
167 13.696911382675172
168 12.653396606445312
169 13.504313039779664
170 14.862055540084839
171 13.687010622024536
172 14.02580976486206
173 13.951804256439209
174 13.956487035751342
175 15.069974279403686
176 15.166716527938842
177 15.010117292404175
178 14.743424892425537
179 14.673007154464722
180 14.85650954246521
181 15.137984228134155
182 15.056233549118042
183 14.55581750869751
184 15.890026235580445
185 16.109017610549927
186 15.541114330291748
187 14.570965671539307
188 15.669038343429566
189 15.49190034866333
190 16.684259748458864
191 16.113144445419312
192 16.649006605148315
193 16.56266794204712
194 17.009923219680786
195 16.635525608062743
196 16.43693141937256
197 16.89026927947998
198 17.558177709579468
199 17.906140947341918
200 17.565459299087525
201 17.18096203804016
202 17.910811567306517
203 18.00974702835083
204 19.02705273628235
205 19.74012770652771
206 18.063579559326172
207 18.953440380096435
208 17.963094663619994
209 18.164981174468995
210 18.435080146789552
211 18.834888458251953
212 19.530179357528688
213 18.664250993728636
214 19.36034712791443
215 19.501189661026
216 20.658701276779176
217 20.687204599380493
218 20.156338500976563
219 20.702814483642577
220 20.01617102622986
221 19.133158588409422
222 20.314582538604736
223 20.91993055343628
224 20.217786455154418
225 20.233475017547608
226 21.064172077178956
227 21.147544193267823
228 23.03747501373291
229 21.027901458740235
230 21.65568861961365
231 22.01631999015808
232 22.200864219665526
233 22.210346269607545
234 22.83662109375
235 22.75964856147766
236 23.086977815628053
237 21.269474029541016
238 22.95887565612793
239 24.617596864700317
240 24.276700067520142
241 23.72807946205139
242 23.95091700553894
243 24.497907590866088
244 23.796913051605223
245 23.48974528312683
246 24.350875520706175
247 24.024289417266846
248 24.816733884811402
249 24.053685426712036
250 25.012228870391844
251 25.524682378768922
252 25.795796871185303
253 26.017960786819458
254 25.16785635948181
255 26.549614238739014
256 25.57373023033142
257 27.77387285232544
258 26.640155839920045
259 27.400895261764525
260 28.04164147377014
261 26.85452060699463
262 26.512663459777833
263 27.298921585083008
264 28.60981421470642
265 29.77021098136902
266 27.94052438735962
267 27.850484609603882
268 28.430945682525635
269 28.62655544281006
270 29.919807147979736
271 29.458772039413454
272 27.91030583381653
273 29.259081840515137
274 28.603184270858765
275 31.058235931396485
276 30.609913063049316
277 29.699412155151368
278 32.35356512069702
279 31.032222080230714
280 30.196265840530394
281 31.230000591278078
282 30.54736285209656
283 31.46989951133728
284 31.57538447380066
285 32.075397968292236
286 31.220535945892333
287 31.01898078918457
288 33.10761432647705
289 32.717874908447264
290 33.2527961730957
291 31.676891231536864
292 32.73718132972717
293 33.02824454307556
294 32.62189502716065
295 34.57219572067261
296 32.41406297683716
297 34.74902496337891
298 33.304896450042726
299 33.89157929420471
300 33.92091913223267
301 33.45056028366089
302 34.82330088615417
303 35.05330204963684
304 36.09193806648254
305 34.96700615882874
306 35.047603130340576
307 35.11168332099915
308 33.87351989746094
309 35.266659355163576
310 36.65123453140259
311 38.0941858291626
312 36.438367986679076
313 37.15436363220215
314 37.89977231025696
315 35.65227537155151
316 38.46303749084473
317 38.1707058429718
318 36.37621989250183
319 37.619946241378784
320 38.207757568359376
321 39.00541400909424
322 38.24151744842529
323 38.32291502952576
324 38.274012899398805
325 38.52840285301208
326 38.59372491836548
327 40.26950569152832
328 39.24976530075073
329 43.56602416038513
330 38.73574213981628
331 39.28043055534363
332 39.563743925094606
333 40.77350058555603
334 41.29037537574768
335 42.69220705032349
336 40.88785891532898
337 39.98042001724243
338 42.67483172416687
339 40.756020832061765
340 42.75789208412171
341 41.647293376922605
342 42.319523620605466
343 42.40420384407044
344 43.19699139595032
345 43.11452794075012
346 42.44965782165527
347 43.900570487976076
348 44.45763864517212
349 45.732598829269406
350 44.46080365180969
351 41.769636917114255
352 44.186898708343506
353 46.130434131622316
354 45.47524085044861
355 44.017738342285156
356 46.89424810409546
357 45.71256632804871
358 51.40800614356995
359 48.24661827087402
360 53.99352192878723
361 52.90439076423645
362 52.399642372131346
363 49.98081998825073
364 50.14948606491089
365 51.77999973297119
366 50.81024079322815
367 53.60660352706909
368 52.64625353813172
369 53.685210132598876
370 53.22082133293152
371 50.91218748092651
372 53.776117372512815
373 51.8734290599823
374 51.894291925430295
375 51.88833312988281
376 50.34987807273865
377 51.732462644577026
378 55.749179220199586
379 51.918523645401
380 53.93983979225159
381 54.541156482696536
382 53.7391058921814
383 54.95842957496643
384 53.78808388710022
385 56.54333505630493
386 56.65844588279724
387 53.19679417610168
388 51.835903549194335
389 53.89833798408508
390 56.68721308708191
391 57.04175724983215
392 54.74900608062744
393 60.29024791717529
394 58.33013048171997
395 58.145017051696776
396 59.26245222091675
397 56.21244368553162
398 57.765354537963866
399 57.79882454872131
400 58.51880531311035
401 60.35109548568725
402 58.05444631576538
403 61.305579376220706
404 59.00470948219299
405 58.57104206085205
406 57.856761837005614
407 59.13916640281677
408 61.792715883255006
409 58.43597812652588
410 58.1091814994812
411 58.28747086524963
412 59.58807272911072
413 59.55087294578552
414 59.9028242111206
415 57.76685366630554
416 57.11467618942261
417 57.27447638511658
418 56.742799043655396
419 60.152911901474
420 59.59715714454651
421 56.24378833770752
422 60.222720575332644
423 61.74302158355713
424 57.08279333114624
425 61.37227849960327
426 59.15654172897339
427 61.26104822158813
428 61.329041719436646
429 58.504996109008786
430 60.19084978103638
431 59.047345495224
432 58.994332504272464
433 59.596766996383664
434 62.357587003707884
435 61.244546270370485
436 62.182988262176515
437 64.27090940475463
438 64.04103374481201
439 61.94603362083435
440 59.679904794692995
441 64.50914897918702
442 59.1744884967804
443 60.853226232528684
444 64.30102486610413
445 63.292037439346316
446 63.53389134407043
447 65.78480787277222
448 66.16934871673584
449 63.13750176429748
450 65.22153496742249
451 64.56625657081604
452 62.32491388320923
453 65.64480414390565
454 66.64189720153809
455 63.80370445251465
456 68.13050756454467
457 69.45928101539612
458 64.73960485458375
459 66.15817837715149
460 67.10794882774353
461 65.66743206977844
462 69.74139451980591
463 67.69982662200928
464 68.0563883304596
465 66.47717032432556
466 66.86345915794372
467 68.09323034286498
468 66.92525577545166
469 68.25007925033569
470 69.75717391967774
471 69.0428162574768
472 68.50329155921936
473 67.61343727111816
474 68.16917490959167
475 70.19925556182861
476 68.91474056243896
477 67.66815996170044
478 71.86049480438233
479 69.2034038066864
480 71.3492645740509
481 69.30793342590331
482 69.65556206703187
483 72.56340417861938
484 72.97636008262634
485 71.01763410568238
486 73.10510578155518
487 77.00172729492188
488 73.2950439453125
489 73.22671818733215
490 72.39080142974854
491 69.50571937561035
492 76.62828660011292
493 76.98723249435425
494 73.74496049880982
495 75.16489400863648
496 72.66567430496215
497 74.18172736167908
498 75.76974754333496
499 77.47684988975524
500 73.16283807754516
501 74.91200757026672
502 79.72298130989074
503 84.2530020236969
504 80.83643155097961
505 88.27202920913696
506 81.55159139633179
507 86.73572998046875
508 84.82177863121032
509 80.03680319786072
510 84.12560520172119
511 77.60249576568603
512 81.01188979148864
513 84.26461033821106
514 80.64137463569641
515 83.76635575294495
516 82.28277792930604
517 85.08782873153686
518 83.44382910728454
519 85.87074255943298
520 81.44652066230773
521 86.75766038894653
522 90.83412866592407
523 93.19506306648255
524 81.80676283836365
525 85.52024731636047
526 87.90256328582764
527 84.84302868843079
528 89.73626112937927
529 86.91403307914734
530 88.26225347518921
531 83.28455476760864
532 83.1119221687317
533 88.72851753234863
534 83.37696433067322
535 85.76126894950866
536 85.76675262451172
537 86.6733787059784
538 83.5440016746521
539 89.23225808143616
540 87.59083676338196
541 85.05327572822571
542 83.87272839546203
543 92.78940277099609
544 88.96868796348572
545 92.1600832939148
546 92.7873679637909
547 88.1628562450409
548 90.27393212318421
549 85.60164270401
550 87.3000108242035
551 94.16378164291382
552 90.79372625350952
553 90.6731360912323
554 92.53237352371215
555 90.08317713737488
556 90.61807594299316
557 89.82160482406616
558 92.17647485733032
559 97.08054556846619
560 88.29424576759338
561 93.82087864875794
562 87.03170490264893
563 92.56864404678345
564 89.99966177940368
565 97.0931125164032
566 94.51968750953674
567 98.95817227363587
568 95.18744263648986
569 94.19622993469238
570 89.09503183364868
571 98.56367845535279
572 95.54403085708618
573 94.48347396850586
574 97.85599060058594
575 102.02604880332947
576 97.28414716720582
577 99.81826357841491
578 101.48898758888245
579 100.65661649703979
580 100.76650514602662
581 95.37479405403137
582 97.34012751579284
583 102.06240139007568
584 98.0345811843872
585 99.97030220031738
586 100.27597069740295
587 98.04565286636353
588 110.12161026000976
589 104.11601433753967
590 98.89521493911744
591 96.37816281318665
592 102.46733827590943
593 101.40173497200013
594 102.46696982383727
595 103.00677094459533
596 107.37103118896485
597 104.00664129257203
598 103.49178233146668
599 101.09682197570801
600 100.52734107971192
601 104.1044529914856
602 103.06069345474243
603 102.79730830192565
604 102.93399963378906
605 107.08059730529786
606 109.85693340301513
607 106.82270779609681
608 105.06649613380432
609 102.09326143264771
610 109.08886251449584
611 100.8418402671814
612 101.9864182472229
613 106.73235836029053
614 106.35950593948364
615 111.2257276058197
616 103.02248644828796
617 108.40200209617615
618 106.62802786827088
619 112.16148290634155
620 110.98741278648376
621 108.94358010292054
622 106.12641568183899
623 107.43810229301452
624 104.99725441932678
625 110.47956562042236
626 111.95897736549378
627 108.49791746139526
628 109.66047964096069
629 112.27263388633727
630 113.5629228591919
631 110.06088714599609
632 111.28390583992004
633 113.71437907218933
634 112.82831058502197
635 117.75228095054626
636 114.2761348247528
637 112.78156538009644
638 113.05874781608581
639 112.26489605903626
640 109.94136929512024
641 112.73984956741333
642 118.20547828674316
643 121.76917095184326
